2 118.733100 23.759906 0.000000 0.000000
3 17.168900 105.757143 0.000000 0.000000
5 226.696200 590.099209 0.000000 0.000000
10 149.774700 1033.922574 0.000000 0.000001
20 34.010800 23.019745 0.000000 0.000000
30 167.708500 43.755068 0.000000 0.000000
40 76.036500 43.237652 0.000000 0.000000
50 212.119000 1140.031618 0.000000 0.000001
70 257.336600 179.241550 0.000000 0.000000
120 196.377400 138.030119 0.000000 0.000000
160 268.181300 166.268476 0.000000 0.000000
200 311.814000 221.224917 0.000000 0.000000
