2 43732.180300 43553.623834 0.000027 0.000027
3 58795.441600 57462.942073 0.000037 0.000036
5 69675.543300 56929.528199 0.000044 0.000036
10 95559.197800 64544.003693 0.000060 0.000040
20 156050.729200 72634.149249 0.000098 0.000045
30 211995.972500 79763.328112 0.000132 0.000050
40 283238.234200 109376.247969 0.000177 0.000068
50 350806.830300 118695.307546 0.000219 0.000074
70 474822.942500 150836.233146 0.000297 0.000094
120 838054.742400 413006.372166 0.000524 0.000258
160 1038742.987600 225844.882314 0.000649 0.000141
200 1393438.994600 850609.604990 0.000871 0.000532
300 2072231.578200 662861.224003 0.001295 0.000414
400 2731513.065800 440248.173497 0.001707 0.000275
500 3534993.906200 453161.059685 0.002209 0.000283
600 4554302.864100 530148.698373 0.002846 0.000331
700 5552063.905900 631648.994781 0.003470 0.000395
800 6662856.132300 924578.845439 0.004164 0.000578
1100 9506940.473600 1106425.597764 0.005942 0.000692
1500 13559894.753600 1712521.882703 0.008475 0.001070
