2 41228.381800 37274.026627 0.000026 0.000023
3 69982.425700 47677.494801 0.000044 0.000030
5 78250.197700 40977.051500 0.000049 0.000026
10 61336.199800 31646.812380 0.000038 0.000020
20 82197.359400 27398.574891 0.000051 0.000017
30 106558.937500 25202.434413 0.000067 0.000016
40 133819.336300 50201.181891 0.000084 0.000031
50 154293.027800 55068.372932 0.000096 0.000034
70 206626.764600 98677.213407 0.000129 0.000062
120 329774.133900 93591.015445 0.000206 0.000058
160 419619.286700 73757.358679 0.000262 0.000046
200 501113.373500 78511.910537 0.000313 0.000049
300 758298.999200 141333.493402 0.000474 0.000088
400 1094340.993500 314970.101290 0.000684 0.000197
500 1565784.030200 251309.844823 0.000979 0.000157
600 2207142.613300 304223.289449 0.001379 0.000190
700 3425847.984700 456140.781766 0.002141 0.000285
800 3278283.054100 303643.103215 0.002049 0.000190
1100 12350370.235100 889962.321336 0.007719 0.000556
1500 25991579.044900 1497562.964842 0.016245 0.000936
2000 37784885.790600 1835181.284103 0.023616 0.001147
