2 4051.211800 26917.554882 0.000003 0.000017
3 5504.595000 6344.862723 0.000003 0.000004
5 8544.680200 8250.866903 0.000005 0.000005
10 16488.937900 18442.372595 0.000010 0.000012
20 32298.446400 34312.917521 0.000020 0.000021
30 47847.889300 43466.603477 0.000030 0.000027
40 64422.795300 28277.904763 0.000040 0.000018
50 80958.647900 46353.101192 0.000051 0.000029
70 110244.035600 56856.524953 0.000069 0.000036
120 192106.251300 99572.761538 0.000120 0.000062
160 255544.582700 61508.870509 0.000160 0.000038
200 315621.732100 66212.803563 0.000197 0.000041
300 473196.708200 134304.125396 0.000296 0.000084
400 649714.574900 117713.735731 0.000406 0.000074
500 834786.187400 162755.997314 0.000522 0.000102
600 1052035.048700 152483.691435 0.000658 0.000095
700 1247448.394000 173377.176692 0.000780 0.000108
800 1388463.048400 179621.810663 0.000868 0.000112
1100 1944195.250500 255361.979540 0.001215 0.000160
1500 2636496.832600 279875.862661 0.001648 0.000175
2000 3507611.365500 863007.907464 0.002192 0.000539
