2 37893.750500 81850.368887 0.000024 0.000051
3 37884.127600 48443.581613 0.000024 0.000030
5 38821.053500 58832.813328 0.000024 0.000037
10 41676.766600 52138.716140 0.000026 0.000033
20 45616.128400 44364.387211 0.000029 0.000028
30 51335.737800 67602.861976 0.000032 0.000042
40 56717.582100 41088.781758 0.000035 0.000026
50 63378.427100 127725.398800 0.000040 0.000080
70 75914.826900 66604.700715 0.000047 0.000042
120 98612.843000 27546.132238 0.000062 0.000017
160 118806.428600 77113.032768 0.000074 0.000048
200 138670.972200 64823.094457 0.000087 0.000041
300 191458.519700 122734.716137 0.000120 0.000077
400 301802.005700 194885.336348 0.000189 0.000122
500 522815.107100 158883.103024 0.000327 0.000099
600 722686.679400 196281.628252 0.000452 0.000123
700 965533.009600 213423.575494 0.000603 0.000133
800 1223241.935400 229170.638483 0.000765 0.000143
1100 2192766.890500 240734.002620 0.001370 0.000150
1500 3907608.197400 330589.764683 0.002442 0.000207
2000 5314357.080400 411555.823103 0.003321 0.000257
