2 922.384800 8424.181855 0.000001 0.000005
3 1317.487200 5220.040331 0.000001 0.000003
5 2317.656400 2875.345946 0.000001 0.000002
10 4887.364500 27692.687470 0.000003 0.000017
20 9818.389600 28843.922664 0.000006 0.000018
30 15803.237800 40070.769838 0.000010 0.000025
40 20078.533600 41864.350643 0.000013 0.000026
50 32773.849800 57994.668118 0.000020 0.000036
70 44724.046800 64326.901324 0.000028 0.000040
120 73587.862800 88434.300532 0.000046 0.000055
160 96815.758300 135067.621696 0.000061 0.000084
200 120374.019800 160289.803114 0.000075 0.000100
300 176181.370100 95059.823018 0.000110 0.000059
400 253703.034700 138214.992839 0.000159 0.000086
500 383865.805300 127896.019801 0.000240 0.000080
600 525984.718000 129214.904437 0.000329 0.000081
700 665601.880800 114078.819470 0.000416 0.000071
800 911108.167800 371722.356202 0.000569 0.000232
1100 1123888.799000 155902.201048 0.000702 0.000097
1500 1579911.685000 131282.395077 0.000987 0.000082
2000 2146592.828900 165346.040302 0.001342 0.000103
