2 6136.223600 11205.166610 0.000004 0.000007
3 8990.093900 6873.564445 0.000006 0.000004
5 14658.069500 16742.049807 0.000009 0.000010
10 29483.567300 16794.380858 0.000018 0.000010
20 58148.915000 13379.026745 0.000036 0.000008
30 87677.541000 19249.990987 0.000055 0.000012
40 115677.888600 37805.692678 0.000072 0.000024
50 145511.657500 22133.471180 0.000091 0.000014
70 207173.052600 38255.086152 0.000129 0.000024
120 350922.590700 51192.694405 0.000219 0.000032
160 465679.428000 66171.453553 0.000291 0.000041
200 583697.999400 101718.896248 0.000365 0.000064
300 862801.514300 143091.383963 0.000539 0.000089
400 1169226.239900 136406.770325 0.000731 0.000085
500 1497244.441800 226755.974306 0.000936 0.000142
600 1836201.296500 199774.386245 0.001148 0.000125
700 2128251.853900 317615.612008 0.001330 0.000199
800 2460444.163300 237677.437519 0.001538 0.000149
1100 3451026.308300 332862.429605 0.002157 0.000208
1500 4693806.285800 417736.535032 0.002934 0.000261
2000 6214690.867500 591916.760351 0.003884 0.000370
