2 1824.475400 17375.693866 0.000001 0.000011
3 2425.236700 11539.067355 0.000002 0.000007
5 4059.142000 26639.354227 0.000003 0.000017
10 8107.016000 20211.742353 0.000005 0.000013
20 14319.302700 17731.346624 0.000009 0.000011
30 22282.366100 33261.388757 0.000014 0.000021
40 31562.555400 53101.274823 0.000020 0.000033
50 41157.645600 26179.185118 0.000026 0.000016
70 59681.554000 58170.070703 0.000037 0.000036
120 106501.936200 55309.349555 0.000067 0.000035
160 141486.564200 67617.441420 0.000088 0.000042
200 175873.538400 67210.775957 0.000110 0.000042
300 271528.383500 70980.075207 0.000170 0.000044
400 385925.491000 87515.482196 0.000241 0.000055
500 540933.177700 125112.287767 0.000338 0.000078
600 740534.218900 149880.436214 0.000463 0.000094
700 918648.549900 151198.444531 0.000574 0.000094
800 1100111.624300 187192.238563 0.000688 0.000117
1100 1631123.182300 203715.795726 0.001019 0.000127
1500 2370573.687100 210281.788298 0.001482 0.000131
2000 3261776.093100 206457.983649 0.002039 0.000129
