2 3080.222500 10025.266542 0.000002 0.000006
3 4681.703300 7031.578281 0.000003 0.000004
5 7987.247600 11335.447264 0.000005 0.000007
10 16102.595100 22422.574235 0.000010 0.000014
20 31904.292100 18852.082891 0.000020 0.000012
30 48374.217400 33102.770914 0.000030 0.000021
40 65723.813800 26172.625332 0.000041 0.000016
50 82763.117700 24785.056844 0.000052 0.000015
70 116322.263500 29216.474913 0.000073 0.000018
120 200580.841300 45426.236048 0.000125 0.000028
160 271938.434100 48637.590001 0.000170 0.000030
200 337755.809900 53869.243463 0.000211 0.000034
300 509527.520800 48644.354700 0.000318 0.000030
400 702840.302200 69317.230914 0.000439 0.000043
500 968499.663100 122197.199253 0.000605 0.000076
600 1245763.142900 110809.353746 0.000779 0.000069
700 1508885.530700 154711.904461 0.000943 0.000097
800 1762721.391000 140802.040030 0.001102 0.000088
1100 2465861.958600 200107.071137 0.001541 0.000125
1500 3443161.889800 251434.905140 0.002152 0.000157
2000 4583703.586100 358366.509680 0.002865 0.000224
