10 42610.240300 30035.968990 0.000027 0.000019
40 59201.178700 16239.110292 0.000037 0.000010
70 80380.396900 21227.611758 0.000050 0.000013
100 98892.677200 26560.574818 0.000062 0.000017
130 114315.782200 31282.784873 0.000071 0.000020
160 137514.021200 51722.369391 0.000086 0.000032
190 170272.377900 65269.745914 0.000106 0.000041
200 183597.462100 71597.188490 0.000115 0.000045
300 263131.242100 113693.460130 0.000164 0.000071
400 560341.619900 1044876.996592 0.000350 0.000653
500 714833.829700 217925.034586 0.000447 0.000136
600 1074263.137300 181540.067131 0.000671 0.000113
700 1348059.436900 240949.223787 0.000843 0.000151
800 1760790.464100 335614.265261 0.001100 0.000210
