100 843663.716200 555670.694319 0.000527 0.000347
150 1213451.252000 703561.530295 0.000758 0.000440
200 1859203.121200 1110496.911562 0.001162 0.000694
250 2048264.045600 891607.899191 0.001280 0.000557
300 2390319.209300 784414.164438 0.001494 0.000490
350 2792256.553300 900634.733398 0.001745 0.000563
400 3261710.140800 1068186.400303 0.002039 0.000668
450 3621151.467600 1028863.456286 0.002263 0.000643
500 4224178.134500 1459294.623995 0.002640 0.000912
550 4837079.532800 1618058.166593 0.003023 0.001011
600 4837425.583100 1450403.158598 0.003023 0.000907
650 5085141.554800 1316935.746420 0.003178 0.000823
700 5549130.250700 1524195.944347 0.003468 0.000953
750 5891844.192600 1517378.599166 0.003682 0.000948
800 6528216.190000 1760962.852610 0.004080 0.001101
