200 308.829200 137.485813 0.000000 0.000000
300 571.314600 695.645617 0.000000 0.000000
400 631.831600 1069.273877 0.000000 0.000001
500 1011.743600 1567.510738 0.000001 0.000001
600 1294.031500 892.229788 0.000001 0.000001
700 1672.920800 2088.565578 0.000001 0.000001
800 1793.436900 940.858828 0.000001 0.000001
900 2060.107000 1638.487340 0.000001 0.000001
1000 2243.010000 998.041605 0.000001 0.000001
1100 2607.428200 1615.649523 0.000002 0.000001
1200 2687.148800 952.043796 0.000002 0.000001
1300 2967.925500 1918.381756 0.000002 0.000001
1400 3196.529200 1358.558506 0.000002 0.000001
1500 3409.814500 1293.188606 0.000002 0.000001
1600 3635.730900 1364.771761 0.000002 0.000001
1700 3880.396100 1954.068654 0.000002 0.000001
1800 4318.766200 1868.802060 0.000003 0.000001
1900 4507.473100 1970.482595 0.000003 0.000001
2000 4617.683100 1944.830673 0.000003 0.000001
