2 4275.391000 10642.252716 0.000003 0.000007
3 6319.456700 6286.074932 0.000004 0.000004
5 10636.446700 11187.456571 0.000007 0.000007
10 20500.961700 28976.649073 0.000013 0.000018
20 41154.403900 34718.890901 0.000026 0.000022
30 60537.791200 36958.592505 0.000038 0.000023
40 82144.509800 34822.752629 0.000051 0.000022
50 102429.767000 40984.834934 0.000064 0.000026
70 140343.303700 33782.361755 0.000088 0.000021
120 245007.268400 63422.921428 0.000153 0.000040
160 320575.814100 80093.711097 0.000200 0.000050
200 399861.971300 59241.475886 0.000250 0.000037
300 602770.877700 139208.366707 0.000377 0.000087
400 825371.562000 137551.667649 0.000516 0.000086
500 1092753.471800 166161.396501 0.000683 0.000104
600 1390636.508800 185931.788808 0.000869 0.000116
700 1686268.952400 216778.714076 0.001054 0.000135
800 1948013.333900 265134.156367 0.001218 0.000166
1100 2717224.570700 755573.706575 0.001698 0.000472
1500 3726845.699800 338481.857233 0.002329 0.000212
2000 5037269.331500 514983.884196 0.003148 0.000322
