2 2459.946300 17632.180291 0.000002 0.000011
3 3623.062300 6358.163454 0.000002 0.000004
5 6130.864000 23511.864710 0.000004 0.000015
10 10912.685700 8321.381297 0.000007 0.000005
20 23688.070400 41962.209702 0.000015 0.000026
30 36421.108600 44578.384729 0.000023 0.000028
40 49953.904200 69327.438355 0.000031 0.000043
50 67172.541500 111472.348607 0.000042 0.000070
70 90207.163000 149344.444632 0.000056 0.000093
120 145922.338100 143387.148900 0.000091 0.000090
160 189158.733500 146336.467207 0.000118 0.000091
200 236079.159900 201538.352386 0.000148 0.000126
300 345029.095300 142047.796461 0.000216 0.000089
400 476633.458300 226962.792394 0.000298 0.000142
500 662919.756800 187638.734990 0.000414 0.000117
600 865611.529800 163534.873512 0.000541 0.000102
700 1061604.339600 207981.588328 0.000664 0.000130
800 1238652.070600 144024.195500 0.000774 0.000090
1100 1745480.551200 214748.527979 0.001091 0.000134
1500 2326632.866800 194976.295884 0.001454 0.000122
2000 3062153.118600 271362.996066 0.001914 0.000170
