2 43942.054200 146521.103870 0.000027 0.000092
3 39715.772300 77450.118012 0.000025 0.000048
5 41557.378800 113522.688612 0.000026 0.000071
10 43252.706500 31638.118021 0.000027 0.000020
20 47296.172900 29987.135927 0.000030 0.000019
30 54328.979600 57685.800775 0.000034 0.000036
40 59866.319100 34431.906163 0.000037 0.000022
50 67236.669300 26846.044733 0.000042 0.000017
70 85518.607700 39521.987599 0.000053 0.000025
120 125272.234300 53320.457535 0.000078 0.000033
160 168467.413400 271821.668480 0.000105 0.000170
200 184693.230800 73735.448593 0.000115 0.000046
300 268747.577700 147538.882311 0.000168 0.000092
400 465212.636300 184500.005902 0.000291 0.000115
500 685930.145400 191837.139395 0.000429 0.000120
600 982667.074600 251361.650801 0.000614 0.000157
700 1254934.783500 272959.530559 0.000784 0.000171
800 1647425.987400 309130.533051 0.001030 0.000193
