2 40837.436500 54105.763806 0.000026 0.000034
3 40768.074500 68456.660778 0.000025 0.000043
5 41581.430600 73308.244721 0.000026 0.000046
10 45997.397700 77979.480457 0.000029 0.000049
20 50253.069400 18978.804950 0.000031 0.000012
30 56521.044300 64114.414253 0.000035 0.000040
40 62452.371800 50868.613833 0.000039 0.000032
50 69008.318600 57086.794131 0.000043 0.000036
70 85194.531400 87706.081145 0.000053 0.000055
120 120546.989400 128843.097306 0.000075 0.000081
160 154860.122000 272434.287306 0.000097 0.000170
200 184693.230800 73735.448593 0.000115 0.000046
300 268747.577700 147538.882311 0.000168 0.000092
400 465212.636300 184500.005902 0.000291 0.000115
500 685930.145400 191837.139395 0.000429 0.000120
600 982667.074600 251361.650801 0.000614 0.000157
700 1254934.783500 272959.530559 0.000784 0.000171
800 1647425.987400 309130.533051 0.001030 0.000193
