2 815.366100 2093.234765 0.000001 0.000001
3 1396.038400 10073.477518 0.000001 0.000006
5 2750.128600 33617.105996 0.000002 0.000021
10 4608.642800 3127.024622 0.000003 0.000002
20 9269.131800 11961.262053 0.000006 0.000007
30 14820.322600 25680.699172 0.000009 0.000016
40 20728.690800 42295.094617 0.000013 0.000026
50 32581.964600 48395.684342 0.000020 0.000030
70 45275.668400 61279.438359 0.000028 0.000038
120 76725.550000 108259.203025 0.000048 0.000068
160 94833.120700 64945.333723 0.000059 0.000041
200 118697.894200 79838.169992 0.000074 0.000050
300 178434.427500 107232.321940 0.000112 0.000067
400 271211.583000 87433.958609 0.000170 0.000055
500 420083.462700 125836.922552 0.000263 0.000079
600 576051.656200 211830.468787 0.000360 0.000132
700 764379.998500 146144.322672 0.000478 0.000091
800 860572.059000 153424.564120 0.000538 0.000096
1100 1259527.218600 166407.433662 0.000787 0.000104
1500 1717493.329500 146149.332190 0.001073 0.000091
2000 2292728.657400 168727.461258 0.001433 0.000105
