10 44226.863000 40817.482923 0.000028 0.000026
40 61447.448300 24450.460865 0.000038 0.000015
70 90052.350200 48361.270939 0.000056 0.000030
100 120993.576800 65495.312848 0.000076 0.000041
130 142459.199900 29779.607848 0.000089 0.000019
160 195585.968600 205185.791992 0.000122 0.000128
190 210259.469100 149381.170320 0.000131 0.000093
200 206284.314300 85948.183843 0.000129 0.000054
300 307162.368800 86296.280929 0.000192 0.000054
400 497765.743600 171746.632877 0.000311 0.000107
500 844607.506400 213846.005317 0.000528 0.000134
600 1222287.812600 239891.614492 0.000764 0.000150
700 1473559.817900 299014.112385 0.000921 0.000187
800 1873385.202000 318432.775415 0.001171 0.000199