2 3386.216300 3686.724720 0.000002 0.000002
3 4819.183800 7084.406256 0.000003 0.000004
5 8239.688800 17252.188859 0.000005 0.000011
10 14846.609000 5679.703698 0.000009 0.000004
20 29955.259900 19022.920147 0.000019 0.000012
30 44652.510000 21308.847744 0.000028 0.000013
40 68157.508000 73461.794577 0.000043 0.000046
50 79572.736800 27889.855748 0.000050 0.000017
70 121979.229900 89542.162304 0.000076 0.000056
120 218257.816300 265439.302834 0.000136 0.000166
160 286875.274000 518944.418800 0.000179 0.000324
200 327184.105000 113480.300599 0.000204 0.000071
300 531450.603600 362575.555547 0.000332 0.000227
400 677071.020600 115495.389520 0.000423 0.000072
500 879991.007900 121205.886125 0.000550 0.000076
600 1111001.712600 132498.991356 0.000694 0.000083
700 1334645.328200 141857.954081 0.000834 0.000089
800 1577605.606300 158641.500110 0.000986 0.000099
1100 2220008.231000 348304.540937 0.001388 0.000218
1500 3153200.169400 800761.732989 0.001971 0.000500
2000 4141080.505900 329717.862068 0.002588 0.000206
