2 2714.395600 3408.790445 0.000002 0.000002
3 4061.646900 3670.661795 0.000003 0.000002
5 6390.051500 9886.997036 0.000004 0.000006
10 13412.788400 35893.994760 0.000008 0.000022
20 25620.686900 23940.708316 0.000016 0.000015
30 38886.682800 29957.101302 0.000024 0.000019
40 54649.065600 67224.797014 0.000034 0.000042
50 70535.927700 92791.112182 0.000044 0.000058
70 97960.162400 101144.284132 0.000061 0.000063
120 179036.311400 209844.919982 0.000112 0.000131
160 210914.672400 104230.346931 0.000132 0.000065
200 251781.461300 103920.382793 0.000157 0.000065
300 371616.523200 167257.756199 0.000232 0.000105
400 517157.179600 124599.439905 0.000323 0.000078
500 719225.831200 187120.940578 0.000450 0.000117
600 943972.140500 153810.987707 0.000590 0.000096
700 1094216.373600 109585.977302 0.000684 0.000068
800 1381867.518400 243686.993031 0.000864 0.000152
1100 1884763.752900 483131.996576 0.001178 0.000302
1500 2478108.014100 221326.976871 0.001549 0.000138
2000 3202630.076300 337095.091255 0.002002 0.000211
