2 49830.466900 59460.077963 0.000031 0.000037
3 54824.806700 44098.354969 0.000034 0.000028
5 64052.286600 46452.410576 0.000040 0.000029
10 82592.914200 55116.931640 0.000052 0.000034
20 122416.097600 75039.943264 0.000077 0.000047
30 164368.004900 83099.541674 0.000103 0.000052
40 211668.505100 116777.406219 0.000132 0.000073
50 265556.520200 170992.465816 0.000166 0.000107
70 353095.800700 199218.724599 0.000221 0.000125
120 575116.476000 245422.729539 0.000359 0.000153
160 772451.582700 254577.284278 0.000483 0.000159
200 987655.095500 515833.730135 0.000617 0.000322
300 1395651.124100 347144.712278 0.000872 0.000217
400 2186133.333900 870923.334691 0.001366 0.000544
500 2773389.816100 692697.069058 0.001733 0.000433
600 3474696.425200 609672.679123 0.002172 0.000381
700 4235421.459500 629510.650862 0.002647 0.000393
800 4965449.245600 553327.250243 0.003103 0.000346
1100 7361011.462300 901874.014255 0.004601 0.000564
1500 10075378.801000 2411356.060149 0.006297 0.001507
2000 13064455.235600 3919025.042309 0.008165 0.002449
