100 2779697.706100 1097500.682437 0.001737 0.000686
150 3893393.801500 812179.165093 0.002433 0.000508
200 5139279.871300 976510.338907 0.003212 0.000610
250 7638195.234500 2743829.753407 0.004774 0.001715
300 7973837.358800 1510129.490949 0.004984 0.000944
350 9369407.126700 1574433.188434 0.005856 0.000984
400 10887569.362800 1979727.023511 0.006805 0.001237
450 12978785.119500 2849377.719131 0.008112 0.001781
500 14051156.554500 2489373.320232 0.008782 0.001556
550 15994205.100800 2546810.165811 0.009996 0.001592
600 17171442.877800 2105769.218460 0.010732 0.001316
650 17464528.837500 2229584.651107 0.010915 0.001393
700 20092605.260900 3660305.734144 0.012558 0.002288
750 21400920.393800 4822314.415854 0.013376 0.003014
800 23004576.742200 4686136.781520 0.014378 0.002929
