100 7471.994900 9236.388672 0.000005 0.000006
150 12479.326200 16004.016966 0.000008 0.000010
200 17924.132600 22218.918807 0.000011 0.000014
250 16423.067200 6422.056521 0.000010 0.000004
300 19170.253100 4788.877909 0.000012 0.000003
350 22743.093200 6660.892965 0.000014 0.000004
400 29332.784600 7924.896801 0.000018 0.000005
450 32016.536700 13851.522032 0.000020 0.000009
500 36709.017100 14878.068122 0.000023 0.000009
550 41246.305000 18969.828143 0.000026 0.000012
600 44819.221800 16358.866317 0.000028 0.000010
650 49680.954200 25491.069666 0.000031 0.000016
700 52203.318100 33441.645049 0.000033 0.000021
750 56471.822800 29937.510648 0.000035 0.000019
800 63555.529700 160852.121991 0.000040 0.000101
