2 91180.262000 41777.031709 0.000057 0.000026
3 94587.302200 47833.215506 0.000059 0.000030
5 108959.386900 30692.221870 0.000068 0.000019
10 160380.559500 37794.561378 0.000100 0.000024
20 220275.858400 62288.626412 0.000138 0.000039
30 288251.745500 39772.458859 0.000180 0.000025
40 364271.855800 56200.565749 0.000228 0.000035
50 420452.060400 62111.449635 0.000263 0.000039
70 562334.833800 72596.556854 0.000351 0.000045
120 900270.549700 92189.813089 0.000563 0.000058
160 1171523.330500 125204.394374 0.000732 0.000078
200 1443204.857600 323273.336406 0.000902 0.000202
300 2200404.003200 256019.379790 0.001375 0.000160
400 3208583.731500 342421.709051 0.002005 0.000214
500 4362822.319700 637944.513580 0.002727 0.000399
600 5548161.476400 555593.921744 0.003468 0.000347
700 6639228.776900 627662.839442 0.004150 0.000392
800 7739571.562600 682994.926998 0.004837 0.000427
1100 14203602.097700 1082191.854583 0.008877 0.000676
1500 26918285.260200 1531989.864638 0.016824 0.000957
2000 37882361.776600 2258659.109709 0.023676 0.001412
