2 6786.187700 3131.885256 0.000004 0.000002
3 13227.546900 20345.848505 0.000008 0.000013
5 19554.146000 61360.030357 0.000012 0.000038
10 35104.172200 23419.753919 0.000022 0.000015
20 65835.445500 26924.952107 0.000041 0.000017
30 99056.174000 20700.391757 0.000062 0.000013
40 134563.252700 104105.178235 0.000084 0.000065
50 167061.589500 49734.599253 0.000104 0.000031
70 232501.367000 82017.787800 0.000145 0.000051
120 399605.812600 80019.943482 0.000250 0.000050
160 525380.145300 94768.623728 0.000328 0.000059
200 652561.628300 88462.290225 0.000408 0.000055
300 962350.320100 118708.868805 0.000601 0.000074
400 1290089.222200 152949.844026 0.000806 0.000096
500 1630710.128900 200976.098711 0.001019 0.000126
600 2059515.039500 248548.192775 0.001287 0.000155
700 2439135.918000 218157.582675 0.001524 0.000136
800 2940147.076300 943592.531953 0.001838 0.000590
1100 3856869.283700 383365.430866 0.002411 0.000240
1500 5230615.536000 585620.716262 0.003269 0.000366
2000 6888228.097000 551669.284775 0.004305 0.000345
