2 36572.989000 24395.778482 0.000023 0.000015
3 34954.730500 49459.483875 0.000022 0.000031
5 37267.889800 20636.380020 0.000023 0.000013
10 41418.356400 24458.207657 0.000026 0.000015
20 45476.684300 29045.040574 0.000028 0.000018
30 53070.090100 11035.540415 0.000033 0.000007
40 60784.570700 12436.395751 0.000038 0.000008
50 68059.037800 25941.237586 0.000043 0.000016
70 86916.788500 40063.067143 0.000054 0.000025
120 127936.492400 21889.629240 0.000080 0.000014
160 160327.074400 43052.427543 0.000100 0.000027
200 194974.569100 63514.292747 0.000122 0.000040
300 283502.607700 104777.286772 0.000177 0.000065
400 400575.415000 124280.357004 0.000250 0.000078
500 799488.129800 130028.606294 0.000500 0.000081
600 1059411.617500 190153.734903 0.000662 0.000119
700 1415828.564500 230652.690448 0.000885 0.000144
800 1781675.248500 218447.776505 0.001114 0.000137
1100 2950681.894500 242041.662877 0.001844 0.000151
1500 4489813.020300 554469.888040 0.002806 0.000347
2000 6304974.464900 355540.574218 0.003941 0.000222
