2 1033.486100 2986.662641 0.000001 0.000002
3 1870.403200 4252.984213 0.000001 0.000003
5 3199.265300 16690.459103 0.000002 0.000010
10 5603.667100 7052.391792 0.000004 0.000004
20 10447.874400 34021.284281 0.000007 0.000021
30 15528.698200 23172.972049 0.000010 0.000014
40 24404.670900 45874.497134 0.000015 0.000029
50 38279.035400 47387.755540 0.000024 0.000030
70 51298.017300 60845.792151 0.000032 0.000038
120 81315.627500 109189.490546 0.000051 0.000068
160 100027.244300 52359.360997 0.000063 0.000033
200 124357.584800 59805.621903 0.000078 0.000037
300 181017.109200 67558.618869 0.000113 0.000042
400 274219.043000 89763.488661 0.000171 0.000056
500 448329.515400 114358.820394 0.000280 0.000071
600 616092.072800 111919.474693 0.000385 0.000070
700 796231.043700 85925.000024 0.000498 0.000054
800 1123457.488500 96707.329706 0.000702 0.000060
1100 1533730.859300 140918.604920 0.000959 0.000088
1500 1974723.717700 108601.318859 0.001234 0.000068
2000 2537854.382700 237399.606877 0.001586 0.000148
