2 35675.310500 23040.931395 0.000022 0.000014
3 37607.461300 37677.876509 0.000024 0.000024
5 39276.797800 33584.335929 0.000025 0.000021
10 41706.927100 23726.236733 0.000026 0.000015
20 46684.344800 12581.420267 0.000029 0.000008
30 52451.861000 31456.895590 0.000033 0.000020
40 58806.120900 54982.326576 0.000037 0.000034
50 64525.595800 27370.323650 0.000040 0.000017
70 78482.544400 47973.358307 0.000049 0.000030
120 105026.505900 46380.087209 0.000066 0.000029
160 129895.642100 60073.691668 0.000081 0.000038
200 169863.290900 49097.123789 0.000106 0.000031
300 240139.497200 82884.237828 0.000150 0.000052
400 443225.997500 103783.507525 0.000277 0.000065
500 700383.836200 130288.273996 0.000438 0.000081
600 900990.068600 239834.633677 0.000563 0.000150
700 1296736.722000 183376.538189 0.000810 0.000115
800 1698834.465100 125824.106389 0.001062 0.000079
1100 2583748.880000 453010.839917 0.001615 0.000283
1500 4104720.990100 437187.452175 0.002565 0.000273
2000 5580805.591100 334712.806085 0.003488 0.000209
