2 54360.695300 101423.124865 0.000034 0.000063
3 69171.759400 91964.028435 0.000043 0.000057
5 74298.109500 97012.194455 0.000046 0.000061
10 90006.190800 104163.130671 0.000056 0.000065
20 122279.832400 115409.535034 0.000076 0.000072
30 154154.419000 132071.424030 0.000096 0.000083
40 192437.048400 159810.678086 0.000120 0.000100
50 240224.535800 180342.981945 0.000150 0.000113
70 317762.798500 191157.632307 0.000199 0.000119
120 487547.887100 249038.580537 0.000305 0.000156
160 627520.918400 293236.154832 0.000392 0.000183
200 763694.524200 357390.286848 0.000477 0.000223
300 1110007.197200 372125.078069 0.000694 0.000233
400 1669915.715200 279785.271236 0.001044 0.000175
500 2333730.404600 437018.614370 0.001459 0.000273
600 3134435.839200 353923.732645 0.001959 0.000221
700 3972280.543000 326465.166748 0.002483 0.000204
800 4826983.914200 371348.929456 0.003017 0.000232
1100 7149367.247200 329652.316262 0.004468 0.000206
1500 10855807.725400 431399.483755 0.006785 0.000270
2000 14532228.698400 474206.766023 0.009083 0.000296
