2 7891.361700 12433.968205 0.000005 0.000008
3 12532.303800 8666.618940 0.000008 0.000005
5 21611.379800 15359.455735 0.000014 0.000010
10 43894.626700 44799.068191 0.000027 0.000028
20 94314.877500 51464.822282 0.000059 0.000032
30 130067.187600 67508.010981 0.000081 0.000042
40 178050.059100 65919.259020 0.000111 0.000041
50 219075.039000 109466.259759 0.000137 0.000068
70 307570.117600 96641.902337 0.000192 0.000060
120 527631.952600 80933.658915 0.000330 0.000051
160 693436.190300 142476.642679 0.000433 0.000089
200 875423.123800 152758.030203 0.000547 0.000095
300 1281139.651300 120684.096350 0.000801 0.000075
