2 73758.534200 97328.427064 0.000046 0.000061
3 83650.365600 98199.251968 0.000052 0.000061
5 94613.374600 99907.692865 0.000059 0.000062
10 125217.311900 109423.271077 0.000078 0.000068
20 186427.748900 127247.952218 0.000117 0.000080
30 253181.126000 161638.798714 0.000158 0.000101
40 322877.498100 185607.507958 0.000202 0.000116
50 398302.885700 276923.738454 0.000249 0.000173
70 543627.986700 360330.171617 0.000340 0.000225
120 859624.123800 343927.781014 0.000537 0.000215
160 1104804.837200 326417.957434 0.000691 0.000204
200 1360303.477500 374769.578935 0.000850 0.000234
300 2039275.766600 455085.643050 0.001275 0.000284
400 2959747.086500 491168.321372 0.001850 0.000307
500 3998002.739800 568263.221144 0.002499 0.000355
600 5159830.037800 585975.926195 0.003225 0.000366
700 6333538.468100 677859.579710 0.003958 0.000424
800 7428338.538800 717647.836587 0.004643 0.000449
1100 10649444.130000 905557.041628 0.006656 0.000566
1500 15009703.538600 1098249.032458 0.009381 0.000686
2000 20102621.671600 1449334.266925 0.012564 0.000906
