2 1910.908500 3376.560737 0.000001 0.000002
3 3161.342700 8498.899789 0.000002 0.000005
5 4913.855900 3734.383566 0.000003 0.000002
10 10473.167600 30365.101195 0.000007 0.000019
20 19759.297800 13438.120846 0.000012 0.000008
30 31081.525800 33080.977004 0.000019 0.000021
40 46169.812700 83349.646586 0.000029 0.000052
50 61427.408900 97097.946107 0.000038 0.000061
70 85899.474000 130139.371928 0.000054 0.000081
120 133104.608000 147201.165448 0.000083 0.000092
160 168213.767800 117648.543173 0.000105 0.000074
200 235219.774200 189266.202848 0.000147 0.000118
300 331725.687100 190176.202815 0.000207 0.000119
400 477018.568700 268157.657330 0.000298 0.000168
500 649245.719800 146757.150654 0.000406 0.000092
