2 1314.953000 1547.180454 0.000001 0.000001
3 1973.387800 12348.059762 0.000001 0.000008
5 3132.447300 6064.360559 0.000002 0.000004
10 6504.873100 4641.464843 0.000004 0.000003
20 12846.365900 5045.391987 0.000008 0.000003
30 22088.222000 55247.047865 0.000014 0.000035
40 27964.356200 11310.275989 0.000017 0.000007
50 37005.058200 12392.439117 0.000023 0.000008
70 57451.761600 27329.993908 0.000036 0.000017
120 100921.656200 44902.339316 0.000063 0.000028
160 134736.391200 45934.428158 0.000084 0.000029
200 169902.414800 42234.079726 0.000106 0.000026
300 264186.533800 71432.181552 0.000165 0.000045
400 380273.709900 82418.396202 0.000238 0.000052
500 557411.289300 87046.601967 0.000348 0.000054
600 738621.041000 170834.183577 0.000462 0.000107
700 966273.576000 106080.001286 0.000604 0.000066
800 1176752.716400 116707.297176 0.000735 0.000073
1100 1759313.934800 149030.680671 0.001100 0.000093
1500 2491056.761300 185245.813349 0.001557 0.000116
2000 3436317.729000 397327.200956 0.002148 0.000248
