2 54348.929700 91537.648233 0.000034 0.000057
3 71934.347700 90361.543015 0.000045 0.000056
5 76285.375900 93215.692406 0.000048 0.000058
10 88078.628700 97748.173237 0.000055 0.000061
20 114067.430900 105808.568257 0.000071 0.000066
30 144486.338700 129155.916173 0.000090 0.000081
40 182143.228300 163238.459274 0.000114 0.000102
50 232422.747300 187733.750560 0.000145 0.000117
70 304672.860300 242162.674282 0.000190 0.000151
120 469899.151300 319824.194956 0.000294 0.000200
160 597924.566800 356516.922224 0.000374 0.000223
200 727823.090000 391315.924896 0.000455 0.000245
300 1056267.857300 433862.982485 0.000660 0.000271
400 1516142.295100 540571.451570 0.000948 0.000338
500 2304960.683500 538139.232944 0.001441 0.000336
600 3265399.416100 598481.068144 0.002041 0.000374
700 4153704.759900 586633.042445 0.002596 0.000367
800 4990131.425000 584878.729531 0.003119 0.000366
1100 7704313.568000 875004.805781 0.004815 0.000547
1500 11469112.257700 689141.723414 0.007168 0.000431
2000 15609882.993600 830358.264739 0.009756 0.000519
