2 1732.632300 4838.749121 0.000001 0.000003
3 2221.430300 5293.706519 0.000001 0.000003
5 3156.214100 3734.768188 0.000002 0.000002
10 5845.998100 15621.659974 0.000004 0.000010
20 10591.872600 13838.393857 0.000007 0.000009
30 16272.639100 45677.456207 0.000010 0.000029
40 25925.586100 49847.730967 0.000016 0.000031
50 38686.175600 48708.825503 0.000024 0.000030
70 52265.760500 75093.877448 0.000033 0.000047
120 80078.797600 95402.148139 0.000050 0.000060
160 105624.854100 108612.081945 0.000066 0.000068
200 127855.175000 122560.223619 0.000080 0.000077
300 183973.429400 109567.591664 0.000115 0.000068
400 272613.614600 218944.576555 0.000170 0.000137
500 413914.328200 134599.974815 0.000259 0.000084
600 607360.550200 126495.470633 0.000380 0.000079
700 797774.858300 151001.356214 0.000499 0.000094
800 937549.434400 111677.790175 0.000586 0.000070
1100 1340328.215900 170868.705581 0.000838 0.000107
1500 1805353.591100 189970.816967 0.001128 0.000119
2000 2379823.030700 194966.767348 0.001487 0.000122
