2 37433.743700 57418.506441 0.000023 0.000036
3 37553.162500 60730.609049 0.000023 0.000038
5 37915.696800 48777.409416 0.000024 0.000030
10 42321.111900 93625.931083 0.000026 0.000059
20 45507.553400 44010.378931 0.000028 0.000028
30 48000.383500 36318.867059 0.000030 0.000023
40 52734.635400 35383.256237 0.000033 0.000022
50 58492.850000 36699.914678 0.000037 0.000023
70 74867.073300 49738.337778 0.000047 0.000031
120 105455.121200 44697.160250 0.000066 0.000028
160 127574.897800 63118.147449 0.000080 0.000039
200 150897.142100 65648.596618 0.000094 0.000041
300 211923.611500 126046.450337 0.000132 0.000079
400 342078.172700 167922.911425 0.000214 0.000105
500 609083.994500 118166.293729 0.000381 0.000074
600 867264.046500 154603.034978 0.000542 0.000097
700 1120086.814900 189208.364690 0.000700 0.000118
800 1400116.428100 196635.551055 0.000875 0.000123
1100 2350749.646400 214077.668330 0.001469 0.000134
1500 3858648.933700 310525.288722 0.002412 0.000194
2000 5235880.787900 286650.707912 0.003272 0.000179
