10 132.159900 494.310534 0.000000 0.000000
30 280.804900 56.514915 0.000000 0.000000
50 516.986800 283.478907 0.000000 0.000000
70 671.370900 85.090233 0.000000 0.000000
90 863.716600 281.906348 0.000001 0.000000
190 863.716600 281.906348 0.000001 0.000000
290 863.716600 281.906348 0.000001 0.000000
390 863.716600 281.906348 0.000001 0.000000
490 863.716600 281.906348 0.000001 0.000000
590 863.716600 281.906348 0.000001 0.000000
690 863.716600 281.906348 0.000001 0.000000
790 863.716600 281.906348 0.000001 0.000000
890 863.716600 281.906348 0.000001 0.000000
990 1000863.716600 281.906348 0.000001 0.000000
