2 4403.565400 9833.116525 0.000003 0.000006
3 8282.814400 85841.454631 0.000005 0.000054
5 9020.078700 17019.458430 0.000006 0.000011
10 16494.084100 10328.734315 0.000010 0.000006
20 32446.287900 31727.905901 0.000020 0.000020
30 48343.678400 41836.216804 0.000030 0.000026
40 65742.856400 68043.442231 0.000041 0.000043
50 79151.795700 43204.512680 0.000049 0.000027
70 111041.738200 44051.689296 0.000069 0.000028
120 186949.941600 34430.861014 0.000117 0.000022
160 249486.169500 59721.286349 0.000156 0.000037
200 312369.027700 90584.175074 0.000195 0.000057
300 462061.442300 79406.035180 0.000289 0.000050
400 634645.212600 171849.375873 0.000397 0.000107
500 841748.258400 98351.797632 0.000526 0.000061
600 1057696.876300 210377.046587 0.000661 0.000131
700 1224238.203300 152078.637956 0.000765 0.000095
800 1424218.327500 200496.034031 0.000890 0.000125
1100 1895326.942400 234025.780460 0.001185 0.000146
1500 2493678.470600 311434.669744 0.001559 0.000195
2000 3279832.443800 400911.455391 0.002050 0.000251
