2 18968.679900 16276.670133 0.000012 0.000010
3 29109.717700 21508.532621 0.000018 0.000013
5 47779.027700 20388.651235 0.000030 0.000013
10 92208.463200 42031.134505 0.000058 0.000026
20 183397.741800 32229.522603 0.000115 0.000020
30 284159.136600 61731.801597 0.000178 0.000039
40 374951.944600 65975.327781 0.000234 0.000041
50 467536.193100 69669.656260 0.000292 0.000044
70 654307.600200 84627.146296 0.000409 0.000053
120 1114431.341700 141367.690126 0.000697 0.000088
160 1481658.084000 171013.512466 0.000926 0.000107
200 1846159.813400 174033.062711 0.001154 0.000109
300 2780200.203900 265016.405579 0.001738 0.000166
400 3664979.822500 309399.495014 0.002291 0.000193
500 4612746.546400 368228.155468 0.002883 0.000230
600 5601534.324700 596093.706990 0.003501 0.000373
700 6518283.618300 511797.263414 0.004074 0.000320
800 7467690.952000 598027.747240 0.004667 0.000374
1100 10266602.586300 922031.009311 0.006417 0.000576
1500 13981330.241000 1069683.251006 0.008738 0.000669
2000 18720653.721700 1420104.321140 0.011700 0.000888
