2 34313.015000 37594.875093 0.000021 0.000023
3 33510.040700 28530.698395 0.000021 0.000018
5 35085.570100 30639.285580 0.000022 0.000019
10 39059.870900 20694.610190 0.000024 0.000013
20 47209.670300 14596.255036 0.000030 0.000009
30 52715.753100 22920.821389 0.000033 0.000014
40 64295.779500 14478.987147 0.000040 0.000009
50 74113.495700 37740.020919 0.000046 0.000024
70 97642.685800 50660.464502 0.000061 0.000032
120 152181.101700 104923.827443 0.000095 0.000066
160 175316.718400 49059.282146 0.000110 0.000031
200 212519.958300 87999.884191 0.000133 0.000055
300 329249.974400 79299.018194 0.000206 0.000050
400 554103.039900 125447.985869 0.000346 0.000078
500 958850.687500 176561.150383 0.000599 0.000110
600 1394286.875300 221991.583350 0.000871 0.000139
700 1691263.605700 190980.043025 0.001057 0.000119
800 2229491.893500 346942.196482 0.001393 0.000217
1100 4165816.681900 238745.354711 0.002604 0.000149
1500 7188299.477700 389976.340707 0.004493 0.000244
2000 9941805.334200 456974.804519 0.006214 0.000286
