2 161884.757700 128858.174658 0.000101 0.000081
3 202014.797900 140678.345223 0.000126 0.000088
5 289297.439700 183696.010486 0.000181 0.000115
10 487963.690600 156752.718588 0.000305 0.000098
20 849528.700500 181709.185669 0.000531 0.000114
30 1222785.730300 209760.480890 0.000764 0.000131
40 1597692.664200 352877.671328 0.000999 0.000221
50 1954688.482400 270197.091617 0.001222 0.000169
70 2713379.650500 317442.953651 0.001696 0.000198
120 4524316.185200 443467.947402 0.002828 0.000277
160 6045843.193400 548522.676044 0.003779 0.000343
200 7459517.304500 708682.776306 0.004662 0.000443
300 11165819.701200 930261.737370 0.006979 0.000581
400 15452868.979900 1209656.201791 0.009658 0.000756
500 19699510.578400 1568978.429023 0.012312 0.000981
600 24468483.726900 1796165.393277 0.015293 0.001123
700 30213395.868500 1721539.573315 0.018883 0.001076
800 32658375.620200 2466727.956369 0.020411 0.001542
1100 48179876.847600 2912074.524775 0.030112 0.001820
1500 73631285.454600 3776001.714079 0.046020 0.002360
2000 101053086.765500 6331319.813518 0.063158 0.003957
