2 117768.257000 100476.460692 0.000074 0.000063
3 143894.064000 143350.771479 0.000090 0.000090
5 202132.764900 173377.253776 0.000126 0.000108
10 339202.258700 171853.819609 0.000212 0.000107
20 615306.568400 205214.116143 0.000385 0.000128
30 885149.304700 257322.862614 0.000553 0.000161
40 1163654.755200 239273.722544 0.000727 0.000150
50 1445065.994900 265148.279695 0.000903 0.000166
70 1997872.914300 259665.223179 0.001249 0.000162
120 3355065.538500 312814.821054 0.002097 0.000196
160 4469155.362300 340395.812729 0.002793 0.000213
200 5583425.625300 375808.171271 0.003490 0.000235
300 8220419.264600 477019.612105 0.005138 0.000298
400 11082906.268900 643480.139066 0.006927 0.000402
500 14181125.708000 1469941.901134 0.008863 0.000919
600 16828773.937200 929777.425938 0.010518 0.000581
700 19740027.459200 1083174.134500 0.012338 0.000677
800 22622033.036800 1277663.763723 0.014139 0.000799
1100 31424713.877400 1646541.788761 0.019640 0.001029
1500 43269329.729800 2157652.825647 0.027043 0.001349
2000 57897435.935600 2829589.600433 0.036186 0.001768
